juan123--5--fjko--2024-05-18--19:12:56.333822500
juan123--4--juan que asco--2024-05-18--18:56:22.989529500
juan123--4----2024-05-18--18:56:55.569151600
juan123--4--sjnkdm--2024-05-18--19:23:09.504290200
juan123--5--ijoks--2024-05-18--19:32:08.381345800
