juan123--1--19:23:07.326593700--2024-05-16
juan123--3--19:23:46.081585900--2024-05-16
juan123--2--19:23:56.494190--2024-05-16
sara123--1--19:26:53.927624700--2024-05-16
sara123--3--19:27:41.780368400--2024-05-16
robin--1--20:41:13.982290400--2024-05-16
